1000
10.000000
50000.000000 50000.000000
0.100000
1.000000
10.357600 7150.187456 43669.105209 -40.203570 -32.850193
2.436500 36986.835129 20552.395168 21.918693 -40.858793
6.398500 39946.243688 20154.639265 42.276394 -39.672095
3.050700 10121.399955 35664.550663 26.536303 -23.792465
6.758300 17930.086911 37258.859662 13.953865 42.645149
3.531900 6626.520458 45424.087277 -33.150093 -21.788911
7.498200 5243.999732 511.413458 35.266001 -20.345895
1.066900 14777.922657 35547.416141 -39.397142 -10.627545
1.110400 39263.611852 31398.838957 27.913891 17.641605
8.343400 18149.508657 13990.794209 -2.079903 -25.925990
2.005100 49495.908788 571.653900 38.707599 28.455000
8.750600 23320.241283 18551.454220 -16.332805 36.732309
8.457800 26534.236926 46516.525295 36.674458 -31.695308
2.499200 33455.022047 22100.122007 47.508993 -7.281693
1.151200 44526.078718 18936.838550 -25.205104 33.925703
1.514300 16831.459252 42956.781183 44.143495 -35.742236
4.835700 38696.453556 22219.340193 41.500493 -20.867695
5.390900 17661.346084 10288.120672 -46.828302 -9.903292
1.358600 17709.363233 26255.357688 -2.746510 -6.163878
9.352100 30424.118492 4817.162044 49.990498 -5.849595
8.822300 5701.673311 3498.162113 -38.204300 -24.318194
9.582500 18674.012125 2520.271093 -21.459802 -48.107594
8.128100 49853.656390 7840.823527 33.253698 7.154702
6.946000 19780.690858 26127.686824 -47.513311 -7.209684
8.503800 39445.194899 15645.930126 37.090196 20.115604
3.057400 47599.544357 44221.706401 -28.033304 -1.430700
1.948000 29537.478761 7067.390746 -21.513603 -22.570695
3.207400 4819.368141 3749.895456 39.790901 30.347105
2.600100 24843.072287 9263.937778 -9.344002 37.855806
7.404000 17524.329449 48523.435644 -27.366002 25.381683
7.407300 12578.037185 32436.940886 1.404479 -35.670727
3.489700 14497.528620 24881.353778 -32.729810 -41.016475
2.265400 4510.922545 48841.997605 49.203355 39.404214
9.149300 11729.760689 1717.477790 8.619000 -25.346994
7.143100 19705.913876 11678.830412 -1.708803 -14.867292
6.141800 49360.799884 7870.259920 7.593898 16.191502
1.064700 32757.962509 35132.922732 2.835185 -18.690194
1.252800 19764.147928 49501.010747 5.213714 -23.041885
9.344800 20423.218308 25290.942036 -42.664510 -6.275885
2.518600 43572.702563 5622.692738 -33.525303 -35.097197
9.988700 22683.379304 44793.300126 -36.476744 0.095702
9.205200 22746.071596 20624.963114 2.181994 -9.949788
6.513400 41285.660149 47527.553299 10.806790 21.897600
10.872200 23253.754403 4534.873649 -37.347502 -2.598795
6.629600 31280.924092 17318.375373 -31.956404 36.044506
10.954200 46675.558043 12750.987031 -27.516603 -6.253697
10.476500 34968.300414 12724.827933 -29.033404 -15.315095
2.722000 22443.186013 3694.089758 -18.322302 -11.795795
4.731000 13376.881055 49622.193316 -27.123751 30.289710
4.496700 42440.292115 38457.581884 7.707191 -29.016898
9.194900 3287.720489 865.820676 -42.831700 14.163201
8.660200 37508.686369 39883.117911 -47.070213 11.428602
7.392300 37654.950682 47123.123521 -3.967705 -38.939801
8.170700 14330.303048 9823.576365 -7.781001 18.930708
9.772700 39731.124290 45231.695036 12.784288 25.200701
9.925600 32832.626029 1172.540925 2.246099 14.234502
10.112700 11027.607748 21571.806086 -47.449703 -10.128482
7.686300 34300.854212 37781.803136 16.977386 47.862506
7.592500 18253.875254 36643.713110 -9.931634 38.976736
1.699800 17603.608831 49035.517958 8.191876 -7.949064
6.963800 3271.162080 44461.503138 29.360838 -30.698330
8.334600 22762.317581 9573.713120 -10.289803 3.714706
6.187700 39021.019266 35438.106634 -9.219310 -44.926397
9.958000 21742.526888 3026.239596 -17.883901 34.329204
9.958700 22419.990108 1991.981847 -40.291002 -31.936595
5.523000 22.254137 19043.477859 1.041797 23.469793
4.970800 12862.174406 46895.636124 9.630287 -20.497506
7.002400 6108.269949 8708.185464 21.315401 0.356908
10.662200 49924.611348 16796.745423 1.348097 48.726902
9.681200 44000.004013 37927.112954 -28.654008 -42.825999
8.343500 48363.953292 40622.092108 -22.598503 -34.581700
4.709600 27733.766162 8847.957751 -38.334003 4.776005
9.348900 6242.862241 4290.031742 15.001901 -45.590893
6.103800 49325.460057 48758.778800 34.371799 -49.099000
10.147000 4776.956032 49304.790160 39.036707 -28.259614
2.358500 986.152338 20244.847042 17.904400 -15.931197
5.223400 49600.209823 11263.806224 -12.052199 37.136699
10.207200 30367.418782 13010.653588 -32.495704 -37.140994
9.845100 10049.146863 43619.581686 -31.889879 36.759466
8.656800 5099.777704 21432.753544 -24.943798 1.509418
2.007000 22695.302759 44077.244405 -8.960453 -13.402097
4.821400 26584.008340 40271.434179 -8.912031 -40.005095
2.352400 44873.259381 39333.398985 13.983492 4.017801
9.474400 23251.826340 44658.356618 48.693118 8.480915
1.561800 25233.568478 23711.923738 45.752391 -12.883286
4.847900 23514.397123 6405.037776 33.832598 21.988306
3.722800 27200.529680 7436.745210 6.748597 -2.607195
8.227400 1958.956368 28884.640695 14.793015 -18.319969
6.154900 38129.546255 10434.090268 -48.851203 20.218603
6.020000 22558.414450 34833.428175 36.312177 38.495625
2.652200 11265.106536 41043.390195 15.298689 -49.633933
7.855600 36576.263550 8769.565427 47.579697 -2.280196
6.892600 11883.702151 19546.388112 -26.308403 -44.131382
6.130100 48989.600297 42100.224074 -41.114096 -38.644401
7.395400 32479.171220 23517.455442 42.875618 -9.074692
6.855700 14237.120098 41034.168134 -7.552264 2.725926
1.793400 18451.802866 1530.100133 -35.544100 43.550699
10.620500 35570.802031 22647.617137 -41.303206 28.799905
1.448700 5295.839156 49369.571979 18.724797 -28.096294
6.479400 47081.592436 24277.147668 42.862995 2.469903
9.550700 23943.020452 15941.649203 -47.977105 -26.115392
3.069000 9408.985369 27712.085262 22.768401 -10.402465
1.061800 3472.099046 48723.926742 16.719515 -40.806296
5.367900 20808.107003 47356.616108 -48.558348 -21.195411
3.030700 22489.475470 32387.785381 41.549181 26.531624
1.589800 24237.137093 45664.761689 19.907846 -17.435904
10.106300 19756.240728 7371.334545 31.942498 -15.226893
10.281400 3429.268212 28860.036910 40.310607 34.906621
9.460100 9729.261879 24495.628182 -43.286303 21.667921
5.066800 4525.415139 33778.278485 0.778643 -48.349814
4.223500 42649.726666 8523.175139 -45.283103 -0.259197
7.145400 33263.515493 44667.834092 38.136778 -21.032600
7.005300 33857.850578 16916.357679 5.739595 12.840005
10.391200 24630.996628 40144.398585 34.801859 16.639220
3.759000 8145.753709 42126.057601 39.745451 30.348067
9.598500 6727.234113 34256.687788 -19.303191 4.720581
5.575400 5862.609456 19758.306705 -17.482499 46.529513
7.002200 15606.761171 7282.474714 39.924199 24.782707
8.919400 39838.612621 31436.909930 27.668891 -16.682396
7.414600 37904.552704 12396.512692 -44.471504 -47.522496
8.011800 37840.963782 48759.019783 -12.579012 30.100599
7.146400 27603.401365 6760.495297 21.512497 -42.910794
7.882300 46411.448341 27696.600724 -13.732305 14.007303
8.871100 19597.602569 46421.724774 -6.355082 -32.046621
10.515500 26137.937749 46199.657624 -14.880032 37.998702
10.085100 19776.094427 47662.089437 -5.760084 36.271500
9.930900 5685.382522 16062.800090 -38.387200 -1.750088
7.148100 14182.663970 7476.760858 18.770099 -12.246593
2.377200 45509.997680 34895.913061 -10.724806 39.372002
9.674500 3293.469515 39854.277883 -20.458373 7.575547
5.302600 2842.070424 6683.748808 33.451101 -34.560295
8.883300 3891.599554 24118.920044 -29.285803 -0.092778
10.440100 26394.352956 31371.266131 32.847785 19.213515
8.531800 8747.304838 30683.678534 40.641104 24.255741
8.271500 19851.567132 29805.878085 40.280885 -0.826572
7.584800 27946.840495 13203.343079 22.612996 -33.705893
6.608800 27849.167915 15921.857761 27.010796 25.020607
5.084700 17437.758917 16214.661240 46.279198 7.910011
2.394300 15297.898159 38632.279225 -26.376153 42.270856
5.211700 45929.316707 39360.162176 -45.855405 -15.115699
5.088600 22121.084848 29565.671201 4.476580 -42.599578
5.234400 49047.632229 41483.176877 -17.911200 -38.147800
7.266900 26399.324642 35202.378306 -49.255521 -47.368492
3.153900 25536.350466 47215.917357 -47.611929 -8.481905
1.309800 12631.593667 48162.032009 45.887629 -10.106021
2.041200 21261.080306 1898.812925 -21.431701 18.458805
1.611800 46230.977106 25529.849174 43.685994 -11.998097
8.115100 588.414949 30668.766993 -26.278382 -7.439164
6.334200 9775.689686 6543.987609 -45.981100 10.143107
7.767900 34601.777884 38291.751245 32.219485 32.143006
6.537400 8251.635896 29520.141074 -16.093700 36.874134
5.157900 40995.406348 3798.363578 -27.093502 33.781603
7.440000 5496.560236 7507.733511 -18.678099 -46.763692
6.381700 44154.686944 13920.907960 11.779397 31.634803
8.522800 49087.910460 48654.026882 9.123094 40.727700
1.253400 5053.069695 24609.602495 4.307494 10.581222
3.290700 7361.037104 2431.425475 33.218300 48.269100
8.149000 23091.312429 31873.473938 4.134983 27.203118
4.745400 39503.256568 20197.408245 16.532195 27.641904
6.793600 30576.126699 5590.922786 -1.838502 33.365704
9.958200 6533.001527 10138.185347 -2.508800 39.833907
8.548000 19724.527996 27483.527281 45.746485 -45.939570
1.156000 18600.032989 11689.085578 -21.662602 7.321508
6.016200 33270.306686 25274.572067 7.746392 -9.060893
8.194800 40162.177967 29474.007696 -15.715707 30.637104
3.718000 13714.039991 43411.745051 -46.203649 37.450367
8.277600 6660.034249 33076.650393 2.423413 -4.591333
8.891300 43083.045406 16978.825663 -17.487704 -0.453497
9.609900 12897.351691 14214.217837 38.369999 -12.731689
1.888200 25496.029120 2055.202011 -19.553102 13.391204
2.957600 49364.049621 18342.470693 -18.174399 32.980199
10.757800 19863.311990 24315.598531 -32.946509 0.419615
9.161900 26639.628980 425.114453 29.054701 35.697697
7.981400 18853.476167 10760.645303 -30.019703 -31.294692
2.456800 8787.498023 18468.413350 -48.949601 -45.273883
8.111200 17564.620757 36005.434649 -36.975646 -21.176463
6.265000 1557.993009 26365.158618 32.007000 -44.593098
10.199800 120.469157 974.247009 45.062399 25.625895
3.185100 44084.114494 39880.971570 -6.887608 -1.152199
6.715500 23786.120001 27209.432857 39.363491 43.212815
2.630000 20615.021310 7662.198378 -14.582702 7.857906
4.887300 46871.271835 15473.178552 25.926397 23.574503
3.340300 40353.061085 7632.966773 41.124798 44.427203
8.571700 17962.548303 16251.605801 -48.760604 -11.520390
2.173900 38320.673810 21663.001317 -24.402606 -27.962096
4.974900 31323.934968 24773.772825 -4.610909 -17.949292
5.371800 42731.159023 13407.008175 7.811796 -9.695797
10.877400 7026.706458 45750.621700 -28.611593 24.330288
6.022300 37276.440517 30550.304120 -30.984008 23.227604
10.774400 44862.019907 42589.773021 -12.876508 -20.467100
4.520500 38990.853849 27931.635744 18.142391 -46.023195
3.197700 20258.689278 28945.567599 19.733080 -46.944271
10.759500 5510.685907 16489.480083 45.090302 32.755011
8.137100 45175.050905 44215.291294 -10.211208 -33.312000
8.508700 8296.390606 32747.133909 27.563307 14.337557
10.907000 2101.065706 39034.968287 -35.869031 38.881295
1.224900 2438.315494 18630.033013 25.365004 -26.826187
2.978600 3214.191175 20569.832710 23.704003 32.749014
10.471600 10935.064588 1040.437150 -16.909500 5.308605
10.101600 15500.423156 19330.950637 -36.187205 -33.572785
2.627200 5315.947963 28737.551856 -34.115293 -40.014454
5.517800 26358.675122 12433.782419 48.216896 -41.593792
6.713900 19887.630294 10917.081523 -30.476902 28.727907
5.776700 17083.488283 29085.363572 -3.184414 -2.343772
2.085700 39333.248346 22255.494636 18.995195 35.762904
6.672700 10439.005221 7444.856796 37.619800 -37.761792
8.785200 34042.600670 24041.298618 42.081693 29.732307
6.406000 31396.375352 34084.914930 11.027984 -22.025892
9.279000 1581.170379 41347.702598 -49.213391 -7.573656
1.670900 23893.133568 21384.342931 34.675295 38.926111
9.030800 1488.092227 25698.643632 -0.434991 -6.278378
7.200100 38160.496585 4727.860977 17.412098 -2.718197
6.298000 21667.495881 44662.669055 -21.018056 -21.415902
1.523200 41732.426322 32858.970918 -35.599407 -35.473598
10.103800 16179.724020 22253.932070 38.458795 -33.722479
5.789500 29631.252995 33309.224239 32.617784 15.231611
3.842800 15917.684187 34119.331859 -39.037540 -31.903155
1.669000 23066.022735 25339.133122 -1.552308 34.488513
8.944300 11274.787365 29909.111528 -14.149907 23.519136
1.434600 47908.723012 23663.491100 -27.821903 35.920702
8.798200 17048.981834 7116.404380 -39.665101 35.557606
5.472600 14320.837901 40634.704876 -16.030947 -7.795491
6.616400 37269.110648 35570.449521 -6.717211 -12.442396
10.821700 32807.485706 28817.156881 3.271689 -39.377293
8.986900 9776.388676 3179.152209 -48.552300 -32.224694
7.508600 18690.686967 36944.698832 -15.869446 -5.950364
9.617400 47672.127262 8340.802340 27.526797 -23.801797
2.830200 10951.667858 23465.817527 -41.723105 -39.452975
1.557500 31134.608150 26275.807097 -22.830208 46.068907
4.231600 38544.918488 7028.565265 -0.090102 43.646403
2.803400 38937.075153 8708.785990 46.147097 -13.638096
7.254700 34446.329869 45114.301845 -25.353714 11.927800
5.975500 9086.566130 49876.454990 7.795784 -7.724898
8.179300 29853.432139 16926.056208 -45.951205 -30.971994
1.568500 2025.156574 31381.415282 -42.807376 -44.371642
2.190800 45410.912766 36412.908081 -25.680307 -8.484798
6.269500 3336.304938 44550.863396 -17.373076 -25.987456
9.785200 26421.193373 9257.099625 37.884897 -14.716394
6.364400 46979.966503 730.199117 -6.592902 -11.636898
5.745000 1494.467302 9419.720128 -5.297198 -49.052691
1.033900 20275.439385 24234.957006 -32.675907 41.121813
7.963100 40589.726241 25122.862363 -38.523505 21.753903
7.100400 9423.074813 45741.419644 -14.461992 31.340451
3.560600 36014.572183 2519.726301 30.552898 -46.346996
5.108900 25024.243058 46937.440390 -26.376509 -44.368602
10.221200 27841.432589 45568.311089 35.991665 32.465105
8.540200 40459.586608 30172.549321 18.564692 5.895804
2.021300 19779.242021 43689.076909 -43.539962 -25.793098
1.742300 39031.837445 906.754064 7.301601 42.875598
7.305700 20738.021481 26663.975632 27.772790 15.042218
2.579100 11061.392300 23901.704200 4.977600 27.758300
9.818500 40299.453800 1004.185900 -5.378000 44.760500
5.314900 46358.595200 26767.423500 -2.842700 -14.268800
9.992500 39048.379200 11977.517900 22.169800 4.607800
10.797500 31373.379900 41480.373100 19.435000 8.898700
4.624800 40618.643000 37666.833300 -13.412700 -0.762200
7.814300 30714.089800 26634.137200 1.832200 -14.183000
7.111900 20703.749900 14528.775000 43.204400 -34.351300
1.925900 38862.845700 34886.120800 -48.032500 -4.707200
8.178100 4152.878900 46990.002700 -15.662200 0.408100
8.804500 11979.287300 42452.151000 -32.528100 23.682900
6.468600 6903.161900 37061.909200 -38.777700 24.924300
1.667000 24506.727700 20748.720200 -31.610900 2.207100
3.324500 31784.664500 7992.416100 18.105400 1.876100
8.173200 42417.598000 15275.715200 -9.115400 -42.137900
7.540900 47128.333600 10781.766600 -17.790200 8.383100
3.040300 39621.474500 21952.319100 -20.368000 -10.592100
5.212000 16466.567400 36973.555800 -38.693200 -10.048500
2.789600 10099.729600 24160.842300 -24.475900 -32.032700
10.950400 9352.280300 49169.507100 36.643100 1.272800
6.448500 8118.605800 36096.953800 13.317400 16.545700
3.573300 6429.390200 11506.707600 -25.350100 6.811900
9.521700 31952.446200 1177.192000 18.757100 28.626600
8.501900 46078.471000 37691.345700 14.447500 26.903900
8.118900 9119.570100 28902.391300 25.916400 -1.472900
1.227000 26000.338100 6168.841700 -10.884600 3.171300
10.034100 11582.106300 49205.055900 -12.038700 6.149000
8.394800 37064.097100 48954.752400 28.556900 28.884100
5.717900 2978.517000 22926.416300 -12.920100 -35.789600
6.055600 23366.505800 3685.307900 -17.663300 -45.834200
4.947500 6814.606800 1493.694300 29.413000 45.902300
4.813100 46700.329100 11964.437100 -40.033400 38.927700
2.629500 31427.511000 34107.096100 -7.074300 -6.496200
9.025200 24916.736500 32244.216400 19.430900 10.692600
10.050300 28801.418400 42170.653900 17.560800 -22.314500
8.848400 49663.526400 9868.976500 -4.805600 25.691100
3.409000 2708.326800 42816.059400 22.064300 25.771800
9.222600 24684.333100 23080.076700 32.493300 32.693900
1.126300 4952.711600 2613.605800 -31.856900 -48.169200
6.696500 15585.050400 27692.757700 23.174500 -13.691200
5.618500 38806.685100 10461.679000 -14.127800 27.757300
3.108600 35841.641200 40310.705800 40.300800 18.245200
6.162200 17069.299300 25542.005900 -18.549600 -39.350400
2.471600 42361.065400 37860.792600 -17.836000 -40.542600
9.199000 16796.384100 4696.353700 -32.763200 25.945800
4.898700 10995.929900 22821.428400 -35.048700 -25.294700
1.120800 13038.563100 38025.179300 37.486400 44.968900
2.770000 38569.302600 42362.509300 27.342300 -17.766500
8.493600 44917.858700 28389.138600 -14.218200 -33.610000
7.681900 28984.386400 18830.501000 -38.490800 49.682100
3.478300 14366.627900 2204.496400 -27.896100 -26.420700
9.984200 11653.374100 1030.502800 31.875200 23.782300
3.786100 40302.037200 7917.397000 -20.880800 -32.541200
5.417700 21020.692100 12273.849100 -49.019500 -27.730500
2.038800 30242.162200 38169.862500 10.318600 13.783600
9.749600 25399.808400 12672.216100 -29.159400 -3.869500
9.925500 4747.955900 44416.910700 -11.640800 28.476500
1.169100 28565.127600 10460.133600 14.424100 -41.548300
6.165500 30817.603400 46961.595800 23.351900 -7.523900
1.417600 35355.375600 34980.113100 -11.842700 31.204200
1.570400 16565.389500 324.602600 31.174500 22.824100
1.590200 30238.291000 25729.843300 5.981900 23.001900
5.735000 32059.972800 37144.952700 45.173000 9.573900
4.840300 8628.813900 18882.296000 -36.463600 27.973000
6.043700 18484.453500 25086.793100 -1.669500 22.068500
5.364300 17786.163000 4762.650900 -44.306700 41.412200
9.193500 19150.868700 16158.164700 -1.083700 22.288900
5.448200 22853.454000 11075.685100 27.985900 -42.030100
10.152600 15294.172100 7060.026900 -18.677400 -47.152700
5.911000 35541.892700 20345.049600 -44.458300 1.514200
8.484200 31359.284300 29465.853700 -27.905800 1.598900
4.420600 34478.176100 29746.153700 -16.340200 49.054500
6.281000 7540.085300 37459.740100 -20.526700 9.067400
1.260000 46067.782200 46866.781900 47.021500 19.475000
3.105900 31745.600800 13025.829400 -33.806300 -10.394100
6.196100 14234.326400 46426.818600 8.422100 11.692200
9.871000 33158.737500 16935.910500 38.418900 22.048000
3.421600 37509.838800 3456.820300 -20.540300 18.028600
1.367100 5422.368500 24399.900600 -38.487000 46.169000
1.185400 17183.153400 5094.083300 13.651400 34.040300
2.976500 43917.296200 2714.185000 12.176000 -12.686400
3.106400 3177.875200 13986.659200 -43.387900 -35.032500
10.244200 36792.618600 36823.340700 -32.859100 4.497300
6.652400 12680.663200 30346.625800 -1.795300 -2.283600
9.852300 24112.785600 30444.125000 36.389400 -13.502400
4.395900 35766.168400 4035.423600 -43.350000 23.456300
3.250300 30253.122000 19438.406600 20.422300 18.971400
6.690000 34881.653200 36567.258900 35.214100 41.398400
8.801900 45881.564400 40566.261000 -7.764700 -40.122100
10.218900 15409.722300 11454.142000 -11.405300 -30.921900
8.103800 35557.464400 29000.418600 -36.803400 -0.287400
2.444300 3439.873600 17788.639000 -17.927600 -28.645500
10.793400 43466.747300 43968.264800 -24.840600 -37.622300
9.175700 35739.000200 2230.015100 -33.422300 19.664400
3.841300 44143.994300 12598.834500 17.548400 -26.358400
8.380100 25458.603300 28428.770200 -46.681200 -24.477100
3.496600 35021.402500 9055.201000 22.565700 14.042500
7.538200 37185.253100 9970.644200 47.080300 48.328900
7.498000 15146.466500 37893.694100 -18.357200 23.264300
9.832300 25742.051400 3486.453600 -29.175500 -48.952000
6.108800 22816.737300 39152.758600 -14.370500 -43.172200
10.971900 16471.253300 35248.250400 -22.249800 10.379300
1.913500 26142.767100 9427.379200 11.722400 14.199600
5.328800 7712.225600 1939.100000 -16.934800 32.476900
8.756400 47480.518100 46438.602900 -29.485200 10.568600
9.888200 40589.347300 47911.940400 -12.421700 6.062700
4.699400 9020.116200 22892.989300 49.144100 8.212500
10.544100 48909.309100 34726.441800 -41.645900 -39.618000
6.389800 47173.871900 28501.229100 -12.483800 11.999700
10.245400 145.065600 48499.112800 24.899800 -2.848400
5.855800 1879.050800 34829.037800 -23.423800 -37.534000
5.053600 15109.162900 42051.971300 3.469200 45.430100
4.071500 20313.100500 32584.715300 29.389200 45.785800
3.858300 21487.620700 24330.549000 -22.286800 28.160200
9.734800 46709.443100 18862.292500 40.916200 23.360300
8.432400 17872.603000 16050.175300 -23.678200 32.264200
8.043100 19690.713200 27684.206300 35.981300 17.952800
7.899300 37410.574300 39550.129300 47.839900 -49.511000
2.251400 4483.212100 42229.132800 2.754600 -43.826800
8.446900 24552.243100 25555.891400 -25.213200 35.984800
4.677600 34616.864600 25303.955000 18.499100 -29.978200
5.517600 22353.342600 6469.701400 46.081900 -7.127000
4.724400 1689.557400 7311.784800 44.446100 -22.116900
3.006200 36012.190100 13201.672200 39.913700 -41.066200
6.696900 13030.263800 15477.777000 27.034100 47.150400
10.998000 28998.098200 37046.093800 44.499300 -38.747300
6.453600 593.837000 11888.339700 7.349700 -18.257100
9.580800 34190.715900 35393.244900 -33.227600 -31.346400
2.571200 6103.317600 44285.694100 27.770400 -5.065900
8.203900 6278.809900 27403.558200 -37.797300 28.785400
8.503500 27269.544700 39886.907500 -9.078900 23.834700
2.917300 38191.943100 41404.453300 -28.763500 -0.369900
7.127000 485.992900 35866.204300 -9.053400 -29.175500
1.166600 3745.917300 29694.677200 47.150300 23.151500
9.870800 1640.605600 37069.032500 -35.941500 -8.171700
2.289600 12408.728500 33022.214600 17.090700 17.195100
7.581500 15651.667400 48615.105500 -9.240600 7.628300
3.744400 45377.871500 46403.275900 39.436300 11.865400
2.710700 38588.803200 48583.038100 46.720400 -46.017300
4.546100 47887.804300 7605.669900 -6.001600 -3.237200
6.945900 38929.285200 24091.983900 -29.625500 -2.938000
2.387200 27184.889900 15339.209200 -15.080800 -47.073800
4.183300 30268.134400 24853.361800 36.794600 25.710700
4.486700 11927.449300 4379.402000 -34.275800 24.373800
10.197600 6972.719700 8535.181100 -38.597600 -27.184100
7.727100 731.496400 1491.483600 -47.145300 -43.450000
6.665200 38500.710700 43000.629300 -14.274800 -6.022200
8.684400 13671.170600 2390.542300 -4.474200 8.649000
2.942800 11696.148300 35292.103400 -18.939700 -46.851300
1.040600 27826.290200 29617.770600 45.310100 -24.406400
1.417300 41442.878400 13995.528700 -0.166200 -21.916300
7.249000 2261.683800 29870.369700 1.077500 -25.890100
1.952200 26557.561100 30223.714700 -8.189000 -44.116900
10.556000 47830.089900 1790.912900 39.123900 43.364300
4.867700 35804.040300 33735.834200 33.672500 -47.535600
1.843100 2202.164700 6663.642100 4.225000 16.469500
9.287900 1107.060400 42726.139800 -43.149700 -33.395000
7.369300 10418.371000 7346.242700 -20.371300 25.261500
4.513200 4415.756900 8367.458800 -37.011100 -27.298400
4.639600 16066.996900 4418.723300 13.721800 -23.331800
2.098300 1467.302200 35527.345400 -37.070700 38.370700
5.002800 49208.309600 5257.512600 -0.062100 45.798500
10.077200 41530.585700 26950.584300 -46.029000 -21.581600
2.002800 37435.134100 34522.902100 -45.949200 30.007300
7.042100 28033.245900 37965.558000 1.080100 -21.378900
4.697800 43782.268500 20460.564600 46.181300 16.094700
3.290700 5625.012500 43905.719900 -42.982800 -14.409800
4.527500 14504.504100 31950.155900 -15.872800 -4.541000
9.361400 48028.993200 18280.022200 32.372900 -33.363300
8.293000 40275.909500 26700.720000 -14.524800 49.904500
2.125400 40132.157400 923.840600 2.190500 16.349100
4.517700 22707.946700 47882.074700 -0.235000 -33.512600
5.312300 443.673600 37343.510100 25.197500 1.861500
8.652100 3447.501100 8042.352300 -48.141000 -29.164700
8.488700 6157.586800 43302.230000 -8.320100 26.223400
10.525200 15645.026700 11087.193600 -25.582600 -43.734700
10.274300 8699.557400 8795.269500 20.789600 -27.737700
5.692900 5057.906000 5903.463200 41.380400 -46.245300
4.156600 1451.083700 28144.407700 45.673300 27.594700
4.907200 18027.323100 44316.678100 15.712300 -41.328800
2.346100 368.362200 20269.412800 41.655100 -15.520300
2.495600 28959.827400 3953.103000 21.715200 7.537600
10.383300 46165.804200 44106.227400 -9.998700 -18.375800
7.403400 10077.323400 6284.386500 44.524600 47.353000
5.748400 46625.229800 46975.137500 1.539800 40.101900
3.616200 30782.495900 836.067100 -47.796800 -27.706200
10.879400 30405.799200 13341.453600 6.972700 15.951500
7.630700 20544.940500 18826.187100 26.344800 -9.406600
5.614000 18849.937500 5778.276200 -25.895600 -42.305800
3.884100 39766.031400 48610.079800 11.709900 -12.291000
4.412000 20178.510800 47527.565600 0.076100 40.385300
10.211600 37959.599300 3955.421000 -14.890300 33.284700
7.512900 4453.676000 35729.230300 41.137800 11.795400
2.243400 44410.102800 33781.118000 -43.843100 -35.642900
6.223200 45850.120200 1614.100200 32.464000 37.388800
10.196900 31243.056900 36264.549600 -19.744600 47.698200
9.408700 23948.825100 25580.786600 -33.196500 39.757900
2.813700 44788.441400 384.834600 16.344100 5.186500
1.855500 19375.335100 49603.161300 -29.935100 -25.665000
6.058600 13582.137300 48422.453800 47.134700 30.480300
8.124600 24149.060200 42561.410000 40.962700 24.450800
6.899200 16690.623200 887.358000 -15.334400 -5.035700
4.166300 1114.411700 47709.957100 6.643700 20.410900
8.647400 23620.377700 31998.211900 -0.854700 24.794000
6.168100 39255.806900 36330.189900 -4.207100 -40.631800
8.269800 34724.374300 44018.745000 -11.993400 19.928000
5.946300 5937.150600 2567.249700 -24.031800 11.168800
5.125400 37217.459300 37354.928200 -43.837700 36.548500
3.899700 14530.437200 38935.429300 8.224100 -8.976900
3.294400 2455.307700 11550.422100 2.730700 -22.364000
9.406700 4702.674900 21725.342400 19.165900 -4.916200
3.267500 34998.254800 22219.990600 -44.055900 44.409000
5.628700 12942.910700 27144.506600 2.653800 -35.795900
10.209600 35973.918800 26286.850100 31.808600 3.985700
7.556800 46941.989000 12724.023500 23.448300 -28.460100
6.356000 2642.877600 49808.638900 -11.819200 -40.993100
2.929100 16747.580100 14966.616500 -47.057100 -18.237400
5.535400 17231.834300 26182.145000 19.851200 13.047700
7.226400 31144.882100 28477.311200 -17.261100 35.444800
7.472200 27718.786000 48624.031600 -36.216900 -14.550000
4.710300 12648.530500 10881.873200 -1.708900 41.803400
6.904200 24352.160700 6491.619100 22.882600 10.083800
6.065100 18886.302000 24587.047600 -3.412700 -0.597800
9.709400 11415.193000 13553.142600 -2.965800 -26.188800
2.826500 13497.108700 40929.839300 -17.834500 40.717300
8.251800 42178.631600 2641.757100 -1.771200 -34.867200
1.084800 6576.347800 32060.173300 11.284500 -43.010100
7.164700 48146.205100 35416.062800 -0.587000 36.236400
10.963600 48238.026500 19344.314900 -32.580200 16.793100
10.246900 13972.568900 38898.703900 -17.693100 -24.807800
9.852800 8334.587600 1098.220600 12.853500 -4.143500
8.965200 42110.027800 33345.628500 -48.649600 -12.950000
9.196300 40785.602700 18165.825200 -32.913100 -15.702400
5.248100 23126.635500 6531.264300 20.804600 -15.022300
3.983400 27969.622700 31910.097500 48.450000 20.007000
2.302400 35263.571200 29163.523000 -26.048600 3.404100
10.583000 22962.654400 27699.812000 24.453000 -13.303600
5.573300 16117.337500 26774.040600 26.814500 31.577100
6.775200 36392.801700 7411.533400 -28.386400 -4.207300
9.380700 12601.745400 824.073200 4.263900 -14.093300
8.136200 4044.485300 46306.690200 -21.469000 -2.023500
4.527800 47346.514100 37396.762400 -18.235600 -22.747200
5.612400 11860.163200 6444.640000 -22.347200 12.181100
10.087300 11766.337700 24757.797100 41.161100 -25.641100
4.509200 7666.100900 40710.734700 9.194200 23.996800
6.211600 47195.847200 9241.054000 8.691800 -19.084600
10.203100 2060.549100 18319.965700 8.107900 -31.225800
9.609500 24445.602900 35315.468800 -10.363100 27.733100
3.946000 47828.400000 17084.314200 39.192100 9.798500
5.697600 6111.886400 20029.626600 -24.497900 -32.468900
2.265500 26494.883000 36908.807700 -19.027900 -33.583300
9.314400 6400.148400 10068.515000 1.576000 -15.217000
9.035400 48794.502200 38722.122600 47.266500 37.017800
5.301600 40911.362900 7812.018500 28.423700 39.521600
5.113700 17719.232700 22572.532800 35.225100 43.684800
2.296700 7696.092800 5687.500800 41.709500 -31.169900
5.665800 49863.564200 40704.104800 18.073900 -16.958900
6.937500 28103.056100 8839.020500 47.863600 -15.400700
8.750700 24070.903500 29148.132900 -28.753300 -6.777300
3.583400 27619.353100 12229.868000 29.346100 13.310800
2.625300 43939.452900 23063.987100 -4.809900 22.845900
8.214300 17249.052500 13278.936800 -31.906700 13.033800
6.662500 31162.002800 34109.430800 0.686600 -19.846100
6.766600 28515.155400 21048.792900 43.262500 -39.640900
4.299900 4032.788400 41626.365800 -12.527900 38.749700
8.707900 49544.165600 40545.453800 -16.850200 5.292700
8.386200 49382.618400 7326.900000 -15.748100 18.589300
9.406000 3773.687800 21089.560300 16.800100 -37.263200
1.257700 2256.563600 38983.215500 -41.267300 -30.837100
5.124600 15759.625200 30630.152400 34.056100 -32.387400
1.702100 15476.873200 24799.262300 -17.787200 43.568600
1.510700 29142.303200 26785.935900 -28.631700 -31.889000
6.635400 30529.719000 7117.603900 26.817100 -3.842600
2.413200 23043.498000 3318.627200 37.022900 -40.787800
7.018400 13103.551500 16484.012600 1.017200 9.873700
2.991800 2030.428100 38890.448300 48.313200 -7.719800
2.209400 26760.933400 33622.081500 23.892700 1.677100
5.013500 11956.776100 8276.018400 -30.076700 -45.610600
1.673000 27420.809200 4571.413900 2.673400 -40.003200
10.799500 26188.122700 42889.958400 6.616400 9.107100
6.786300 43025.544500 30640.608200 -40.702400 -22.912900
1.142800 3306.448800 39902.382700 43.993800 1.465200
7.842800 6192.256400 10830.117600 -36.261800 -6.021100
9.174200 49463.976500 26929.614000 6.985600 21.021200
9.690100 17206.051800 29235.776700 41.795200 -18.632700
4.324100 48786.785900 23251.815900 20.104900 -15.630400
6.951500 28328.661900 12274.503400 40.880100 -38.603600
9.755300 43205.136400 28710.710300 18.421500 19.256400
2.989800 42297.017600 3850.278500 -1.835700 40.683500
4.554400 19061.857000 11243.920200 -23.584600 46.933400
5.651500 40760.559500 39244.782200 2.487200 -46.384600
4.119000 17357.952500 47213.401600 -26.046000 14.122000
1.855800 36186.992600 46562.612700 41.753000 4.617000
4.270100 11884.941700 17487.154600 26.050400 39.867000
2.833000 1520.493400 44486.043900 30.048200 -45.664200
8.503800 26911.177200 40584.555000 1.719400 -39.824200
8.497700 43190.244100 32744.313800 -26.920400 9.753000
3.033100 38007.754100 6100.555000 -6.594500 -23.738300
8.711400 20683.195100 35102.105900 35.684400 -25.772500
4.714900 40573.831500 36889.859300 1.345200 -7.339600
9.191400 4709.723600 1455.036500 -7.961600 -38.906800
4.739900 28613.309200 29808.004900 28.839100 -39.528800
5.528500 37346.111900 25049.888000 8.400800 38.140100
4.784100 19748.484600 19821.503800 16.638000 -40.651400
6.555700 33903.058900 49638.613700 3.923900 -12.780100
3.942000 41239.586000 14185.873300 -21.833700 22.637000
5.703900 19602.681000 2773.358000 -2.090300 -18.924000
7.137300 9836.401400 7599.999200 -19.957800 -27.432200
10.854800 29224.077200 23388.402000 -2.299700 -0.227800
5.297800 32892.948600 37059.516500 27.276900 44.563300
9.799300 31952.281000 32460.132800 -26.710600 -6.421500
4.295300 14142.806800 36339.695200 25.351900 -48.709000
10.536400 10877.127700 25808.661800 29.545600 -0.154300
6.733500 10274.906800 38396.768600 38.195900 -38.334800
4.979200 10747.275000 47833.214200 -27.312800 -37.459500
2.469700 39949.635100 14220.803200 -40.252400 -11.778900
3.781100 4263.878200 20567.831400 -16.887700 -46.106400
8.543400 40600.235600 36007.741100 -16.532200 -22.607000
6.050700 2963.384800 9088.725200 5.551300 20.834200
7.745600 18662.045800 23048.549000 -29.619900 3.350300
2.903400 31571.714700 34966.404000 -6.413200 -44.388900
1.976900 38115.852700 2734.308300 -40.992400 40.567300
3.451300 28216.590300 45643.837800 21.433000 48.810000
9.217800 26188.657400 25093.962800 14.334000 12.773000
4.974700 12578.031200 34480.128300 -15.752500 14.580000
3.151800 36872.105200 3982.572300 -48.080300 41.796700
1.825900 35795.683000 22252.246900 -46.532200 18.906300
2.624100 45307.422600 18136.478100 -1.982300 24.424600
10.760000 5071.241800 33505.339200 -24.578300 39.518800
5.828900 747.579900 4264.014700 10.822400 20.970700
10.525600 35990.667100 36187.030200 47.353000 0.149600
2.174900 38301.729600 27412.060700 24.916600 -32.049000
7.658100 47426.885700 17479.239600 -23.827100 19.259100
9.160200 3342.879800 672.114100 42.331500 -27.146500
5.143600 44614.309800 48861.267400 -32.888300 29.736100
2.242400 45014.498800 16429.498300 1.621600 -43.960000
2.604200 36807.368300 26022.240600 1.411200 28.928100
4.448100 24023.391200 21498.976100 -43.007900 -46.697600
8.408800 5581.327700 36226.699100 5.998600 -13.561500
4.521700 45053.758200 39679.136500 -47.459600 7.477000
2.116000 46433.018600 38231.404900 -17.215100 27.378600
2.196000 40540.029600 12183.677600 9.456400 -43.250700
8.150400 32071.487500 12573.997300 -46.035600 -24.258200
8.521200 33970.923300 21597.554400 -44.248000 -1.331000
2.104200 9847.431300 33714.672300 8.375300 -4.175000
10.540200 3342.724100 33967.413600 -4.202400 28.567400
5.314300 21533.893600 9379.864700 -16.386200 -30.067500
7.219600 14900.612000 15598.078400 -13.008000 -12.799100
2.074900 11194.455300 32227.163000 7.290900 40.932000
1.979800 28629.269400 32421.733200 -20.913000 -31.210200
9.108300 31518.138100 23702.607100 29.982200 40.321800
8.958000 13726.275500 10217.863000 39.001600 30.783500
9.623700 37230.021600 40016.767900 -17.667400 43.606900
1.616600 6633.729700 40734.698400 -24.708600 0.311900
5.249900 42414.434700 8147.055200 -24.063300 3.813000
8.525000 25938.303500 32442.159500 49.264800 -37.345100
10.766300 9733.992100 29587.484900 -49.848200 -26.118900
2.051800 12695.122300 4852.059600 -48.070300 -18.341300
4.585000 17227.039800 23106.561700 7.409100 18.090600
8.412200 16800.590200 3969.019000 45.352500 13.748200
4.503700 1264.138400 29422.062300 7.289600 -36.763600
6.667500 44176.127100 12119.011000 37.561300 14.054300
7.725600 42114.504700 9504.424100 -42.938300 18.429800
9.195100 16675.504000 49814.925000 -10.862400 -39.696100
8.098300 44944.569600 14077.168900 -41.070200 -17.973900
4.287200 10693.562900 38629.005700 5.449200 -9.641700
7.202200 9853.587100 44223.126500 -47.937100 -38.239500
6.670200 37835.983600 41314.516100 5.304800 12.835900
9.872500 16557.556100 16918.460900 -30.866800 -22.346000
8.389000 47353.872000 32757.180000 20.417100 25.486600
6.857800 14939.804500 7531.790500 -2.424100 -49.564600
9.786700 664.762300 23982.777100 -11.293600 -7.998000
6.634300 43420.256300 47934.506900 -4.661000 7.268100
3.938500 49677.307500 232.898000 24.800000 19.360000
1.141400 19755.650800 46697.211900 -9.926600 -43.628000
9.022900 15842.974900 34950.927900 27.988900 -25.961300
4.818500 877.621900 49128.774200 39.672500 -18.394200
3.868600 48400.854700 13190.407600 23.608800 -42.226600
10.913400 42162.873300 17698.579200 -12.738900 -46.795000
6.277900 43420.878100 26416.764400 -1.114700 5.726000
4.529700 7543.991900 39790.311500 -6.843700 -26.408300
5.510600 3120.326600 21719.367600 -24.236000 -49.522300
10.384300 37699.514000 46908.620800 -30.151900 39.044700
2.902700 31483.017600 41475.895000 -48.092500 43.905700
4.674100 21649.740200 42896.405700 -49.166100 -19.962700
1.792900 8795.743200 45825.799000 -30.219200 38.649500
1.452900 9016.317700 31093.626200 -17.870800 41.974500
5.853800 16116.055400 23133.229200 -25.756700 30.978800
9.439300 9572.634300 40634.954700 -31.415100 -15.897000
3.665400 34393.580900 5606.269500 -5.260400 35.183700
3.177600 21911.950700 41569.426900 43.021700 -16.542000
3.540100 14842.473800 14183.535200 40.107700 -21.480300
2.592500 3766.296300 47131.087800 35.084300 -27.656000
4.307500 48012.258800 49869.294500 -37.021900 -35.857500
9.046500 33807.040600 30181.770700 13.336500 -23.183700
6.693600 23668.837700 25741.076700 16.762800 40.836100
7.905900 35300.988400 30156.344700 -8.839200 15.200300
8.436700 47878.184500 19778.949000 33.864300 18.061600
3.137800 8960.456200 10455.730400 -13.858500 -30.155600
9.160000 22289.224700 40961.999800 36.250500 -17.824900
4.192900 26941.378500 40618.123900 -3.932700 32.141200
5.671300 16724.337800 19381.260000 -14.905100 -19.958500
4.409600 2282.218400 34227.052400 -11.871100 38.999800
7.965300 20303.472400 47140.360500 46.781800 -23.474300
10.787700 17352.896200 35330.357700 -38.098600 26.187200
4.246400 1835.841000 24581.343700 -35.360600 -4.331300
2.698200 2946.412900 45828.640900 10.708800 9.517000
2.856200 5939.638500 47701.768400 -4.566200 -36.094200
9.185000 44444.721700 13177.150000 -39.091300 -39.972800
9.100900 46485.221100 31090.486200 9.348100 13.146500
1.136700 15711.879900 24121.151900 25.529300 -44.092700
4.259200 49520.438700 4930.918000 10.717200 25.790800
2.742700 24039.751700 5985.383000 -34.854000 42.232400
4.722800 14386.068600 29036.511900 -6.055700 1.738000
1.118200 28234.967100 26666.212000 40.933100 -21.538300
1.674900 3402.896400 42354.247500 39.861000 29.273800
3.769600 29024.824100 27178.195000 3.890300 -10.494900
5.098800 31370.156400 35464.020600 -38.259700 38.331300
8.198800 33833.437800 29169.972700 11.845300 -36.091000
8.567600 2139.199200 26247.990700 6.406200 -44.775500
2.591600 45717.324900 47973.964100 39.235900 -0.936000
7.508500 1117.225300 416.739700 29.554400 -17.278700
5.110400 3336.318800 31017.719200 -21.963700 19.209600
8.211100 14861.969500 12299.901900 -13.431000 -38.434200
8.308300 35501.095300 46544.876100 2.514700 -45.346300
3.305500 3597.863900 47748.356900 -41.266100 -1.599900
2.847900 12852.221600 48917.956100 -41.791600 41.684800
9.727900 18857.329500 21742.392200 23.280500 44.605300
10.781400 850.805200 9283.797400 -7.791000 7.939900
10.355600 47858.300300 44889.602800 -37.770800 49.822800
1.973700 13434.034300 2369.388100 20.755900 -32.377300
3.437800 37573.370700 8300.440300 15.062700 -34.045000
10.711800 41054.001100 5562.352100 25.837500 48.571900
6.141300 45720.498400 1334.525600 -49.745300 15.984500
2.541300 35559.777000 25520.388900 31.493700 -11.028000
6.186000 28153.985300 38128.671400 48.525500 -10.340100
8.931200 27088.995300 25725.604200 49.082500 20.946000
2.491300 30334.526600 11556.183600 -13.649200 14.826400
6.034300 28305.604000 29291.212600 2.233800 -28.843600
7.894600 31169.899800 12225.217500 -9.256600 -33.386700
10.231200 31948.649100 24450.304200 -5.826200 -24.247600
6.832500 32604.450500 31097.572700 -33.411400 25.766900
10.874700 21171.398000 12113.444900 25.117200 3.369200
6.069900 5382.225200 28402.403800 38.280200 -7.982000
8.966300 49645.332800 38023.591500 2.821600 -14.059000
7.412800 24120.944900 13995.251900 21.062200 -6.591500
2.448700 45397.978300 7679.733800 -13.926900 32.186800
10.927400 5622.240700 7937.416900 -9.337500 -12.871700
8.770300 34198.863300 28429.943700 -6.120300 -47.754900
10.353600 41857.899700 14759.623900 48.059800 46.851300
2.556100 11683.328400 25666.658400 -43.076000 13.291800
8.070400 12321.814900 21608.219000 29.849900 18.127900
4.230900 41328.877300 31458.995300 -27.499300 -34.706100
7.044900 13476.165000 2641.421000 -32.841200 45.285200
3.358400 34600.258400 25621.534600 -40.825700 3.020500
6.819100 4690.602200 16262.761500 -12.734900 26.333500
9.581400 16031.595700 392.312500 4.741600 -32.776100
6.169400 33647.550900 12620.452200 38.954300 35.034500
1.291300 18063.762500 1022.681100 25.462200 -43.945600
6.136700 24942.787300 2119.796000 -2.840900 -41.708900
5.879300 30075.111800 44009.274200 48.136000 34.895500
8.426100 30192.428600 12962.351500 -1.073500 28.209200
5.801700 49717.659900 27412.135400 -49.232700 9.111200
1.605700 18797.158800 29555.838100 37.346100 45.222500
5.909200 45506.973400 29421.767400 -16.357000 -3.003600
6.231000 30123.239000 19943.955100 -15.555400 41.761600
9.582000 40470.207400 36896.063300 43.358900 5.561100
2.672000 15592.369700 30247.313100 -44.002000 17.679600
6.027300 18604.761300 2261.505200 -5.991800 -18.785400
6.804700 32842.721000 6411.605500 -8.851700 -45.142200
5.318400 24128.887600 23819.754500 36.012700 31.999800
5.173000 41833.775500 17337.505600 13.671300 -36.614100
4.101300 33368.758200 16656.787800 -3.377300 2.627600
4.706600 45924.007600 7790.002400 25.982000 -44.527000
6.078700 14085.628300 47775.035200 -19.702600 3.397900
1.576300 40368.005300 36370.014800 4.524600 10.397700
10.424900 21106.884200 21201.649200 -35.721600 -22.111300
6.270900 34007.563000 31868.615500 -40.322300 -37.112100
9.845100 33094.945500 12211.548500 -33.844200 44.921100
8.336500 46860.321000 41661.731900 36.188000 12.523900
1.866000 48591.123100 146.462300 -12.293600 -39.621600
8.106700 31876.065300 21577.182200 -24.857500 14.171900
6.180000 9249.704000 4816.163300 -46.920200 47.442000
8.229800 9262.048100 12887.630700 -28.642400 45.045400
9.932100 33023.679900 5653.135000 -41.765000 43.874600
4.963500 21914.598300 8453.355200 -36.367200 25.936500
9.703500 32631.498200 38912.181200 -48.801900 16.402300
8.569600 42631.998500 27672.914100 8.136500 3.547300
10.979900 40723.572800 632.064500 -45.417700 24.663100
3.818500 15204.195600 29817.559300 17.715100 9.272300
7.876200 22225.920800 39902.549500 -27.335000 49.738400
4.734100 39621.046000 10356.820400 11.397700 -9.908700
2.263000 27834.778100 28019.576900 30.080600 -42.685300
6.776400 44942.605900 48441.880500 -46.353700 40.962900
5.128500 44237.870600 12364.553500 -23.737600 -22.646200
1.588900 37683.530000 23003.622100 1.177800 33.669600
8.858400 3906.893500 34994.453500 -14.741400 29.143200
2.319800 2387.440700 46801.753000 -17.477600 44.021600
1.709700 13654.715700 4471.182300 -25.086100 24.292800
5.616300 19142.392300 19343.764700 -26.009900 47.059600
5.490100 3206.520400 44314.757600 -45.947800 24.664400
10.222500 39587.809100 9271.874400 -33.175700 47.896500
7.969500 39961.339600 48884.619200 22.282300 -4.631700
8.867900 13776.688300 33007.704000 -47.594400 26.442000
3.649200 8907.103700 5365.623100 25.276800 -19.576200
4.101500 2224.883500 15480.262300 -0.801800 49.508800
9.613000 7063.762100 9353.489400 24.139300 24.999800
8.794800 42938.145300 18971.582400 -14.025700 15.775000
2.297800 13984.906600 33065.933800 -4.094100 -31.433300
7.267900 42163.394100 40020.232900 34.907700 49.324000
5.305900 14834.959200 29988.512300 -48.928500 1.575500
10.180400 45846.755700 13616.104600 35.072200 -40.571600
10.780000 42031.946600 33395.910200 -41.936100 31.315000
3.892600 26148.001700 26279.388600 -43.550800 -15.711800
8.619600 43217.490100 5029.819100 -15.112900 36.563800
10.877100 48727.646800 34396.186600 -19.426100 -30.828000
1.870000 38631.069900 8636.431600 -7.654400 16.956000
8.917500 42733.823400 38875.114100 1.931700 49.403800
4.559600 34727.234900 0.779200 46.122500 -26.712600
8.086400 34889.645600 27435.468600 19.580900 -24.498200
2.282700 26318.879100 45540.474300 -29.226900 -5.593300
3.279400 78.832900 18055.157300 8.561300 25.252600
4.925800 36135.069900 11138.177600 15.239400 32.217900
8.631300 36728.027600 38058.646800 -39.760800 -31.808000
10.751200 44669.737100 46240.312000 39.686800 32.543300
5.396600 16325.825400 16662.016100 7.589100 42.588500
4.302800 25499.996700 46024.987500 31.592900 28.835600
4.012000 17465.495900 1062.510500 49.140200 12.364500
2.629900 4757.594900 1202.142500 45.285000 8.855400
1.473600 46022.533200 45518.774700 -17.672600 17.587200
9.686700 12085.861200 8200.745200 3.009500 2.901900
5.165300 39061.956100 41557.753900 26.517100 -6.420200
9.308900 31130.744300 40001.959500 -19.998400 -2.833500
4.578500 48642.398400 7179.407800 -37.339900 -29.349800
5.458400 48807.518300 27790.650000 -45.062000 -19.442100
6.706900 8754.403900 37221.523800 -14.011100 44.538800
2.764000 38838.629000 17049.357200 -16.714400 28.711200
6.749800 6332.141800 36444.774600 -22.395100 -9.239100
8.142200 410.931900 16620.163800 -25.725400 27.033400
4.917800 39706.135200 20211.852700 29.761100 10.859000
9.285500 6567.988900 19829.159800 27.455800 -18.756200
4.285600 5061.359600 47202.000000 45.934500 10.483900
7.478500 43514.983600 20145.111000 -49.504300 -18.078900
2.897200 46111.107600 14101.022200 21.431600 -5.817400
4.551700 27979.236400 43651.151700 -6.692100 -7.626800
1.276500 19381.302200 7120.529500 -0.413600 -13.989900
7.420600 35452.680600 9238.291400 22.937900 -2.204300
3.723600 22785.874700 1174.672000 -4.571600 6.230000
8.129500 43073.119800 45362.811900 4.341200 -18.544400
10.784900 28980.774600 32234.869700 22.615600 3.394800
7.593700 22593.789300 28214.041100 16.070600 2.064400
9.153400 34844.754600 13828.424500 37.689500 42.342300
8.296700 31164.385000 49345.445600 -29.222900 -23.348900
10.323000 18371.883800 38135.277700 -2.562500 32.093600
5.751100 4808.197400 15936.545500 -23.809100 25.551400
2.035400 39457.516800 13741.199300 6.822100 40.161900
2.838500 49736.900300 6275.944500 -43.600300 30.854800
5.515700 3525.988500 37919.250000 -28.992800 -41.457800
2.447500 7349.370100 38269.432600 13.660400 -33.902300
9.133400 38078.251000 21527.114200 42.438600 -3.949600
8.426100 2037.886900 37794.838500 -38.345000 36.023100
4.310400 32151.490900 37459.706400 -47.773400 -26.757300
10.774600 20830.372800 28380.051100 -36.706700 19.158300
7.795500 6196.666100 5366.296500 36.475900 -28.669000
8.767700 25201.893800 10470.047000 28.590200 33.355300
5.369300 15683.032600 35914.767500 -45.470300 -18.782800
8.630900 20025.206300 49913.880200 6.171500 -31.633700
3.519600 14423.408800 33839.734200 42.210700 9.136900
6.074100 45950.620500 47743.118300 -39.698900 -21.455400
8.023100 33636.799200 38667.611300 -3.994300 -8.118100
1.139600 17637.976100 11915.785300 -0.235300 11.093900
2.879600 38050.514600 41075.206800 1.410100 45.688900
6.825500 32415.421600 48457.049000 -16.011500 30.818700
9.232500 1498.440700 42473.949000 40.618200 -32.507000
3.544300 38435.234400 31472.439900 -26.000200 -19.933600
7.669700 13236.778900 10343.081900 -22.722500 -30.816900
7.310400 48697.267600 36053.161300 -47.597000 -11.848000
7.321200 36003.499700 27049.049200 -0.158400 -6.367400
2.120300 16609.564800 19621.790600 1.188800 -35.773600
8.913500 38308.647600 29680.283100 33.776900 22.219600
1.918900 24957.484400 35081.559200 -14.017600 -45.799500
4.377000 22625.984600 20456.960800 8.047600 -20.885800
9.477600 31526.349400 43096.486200 -22.658200 23.588900
10.491000 795.207600 22449.271400 -40.189700 -30.121100
3.032800 32192.866200 30745.918700 31.204300 -31.179500
7.528600 25635.298500 28620.625000 -19.719300 -25.791900
8.291900 48811.886200 18661.875500 -49.804600 12.730900
9.904800 11079.352400 14436.323000 42.881600 -15.405000
4.328000 3244.482100 42125.570400 8.332400 -36.739300
8.381300 28281.684400 6060.600300 -16.234900 37.448700
8.905900 15459.159800 16366.965700 25.886300 -34.815400
4.874800 4092.523300 30666.029500 47.136800 4.430800
8.047800 1954.465200 38287.853700 -12.108600 -32.272200
9.461200 3073.361400 21159.175100 -17.938800 -8.338500
6.863100 14370.210700 30117.794600 -42.996200 45.569300
1.468900 9254.092600 34674.809000 27.364900 46.311600
9.438900 4347.864700 4173.892300 32.933900 -3.336400
6.868200 16456.743300 49468.822700 -30.794400 11.301400
6.120300 2490.318200 45912.582400 41.814700 25.577600
5.784100 16099.368300 40064.187100 14.154800 -0.802000
8.464500 2246.065000 22326.143900 24.804800 42.943100
2.650200 28974.958300 24550.065600 26.712300 25.888900
1.682600 2353.377400 6691.849700 -16.425700 -23.136500
3.954700 4836.918800 15366.410500 35.777100 -22.793100
2.657600 6133.179000 29913.770300 17.189900 34.372300
4.028500 27454.057300 4676.287000 -0.064700 41.242000
8.987500 37336.889100 1153.963300 14.030700 -0.261700
9.598400 37628.165300 21656.182100 8.315200 23.957000
2.731800 43328.078800 25538.353400 -5.533900 46.136500
8.652900 28775.762100 47984.447900 30.052200 42.316900
10.185100 2816.488200 23998.819000 17.582400 21.856700
5.901900 31687.461000 30866.257500 25.641300 -42.792900
9.084700 7283.547900 22555.012300 24.169400 34.831900
2.976600 26137.036400 26542.522700 -36.732400 -36.103000
2.052400 41166.252300 44529.752500 -47.048800 27.633100
1.281900 665.387600 17411.000000 -17.962500 -37.802100
6.814500 17796.338000 29490.367100 17.836600 -17.675100
9.203600 14403.175200 47820.316900 3.507700 35.265600
8.495600 13461.740600 9514.456800 5.001700 29.179800
2.229200 47798.847100 15231.727000 -35.985500 -3.524200
7.342700 46942.452200 9992.255500 47.563100 31.358700
2.113600 19989.764500 43929.140000 -6.478300 46.841900
10.830700 46737.710900 36209.987300 33.430000 20.945500
6.771300 39055.656600 38732.001900 49.596300 45.873700
2.377300 42868.773200 45097.583100 -22.035800 -48.302700
4.934400 28733.926400 846.009600 -4.850700 -27.898800
8.951400 20355.025400 18749.297800 40.463900 -40.642300
4.812400 44807.174900 12079.196900 17.308200 -4.054700
4.928600 38893.420200 27008.880400 42.417900 -16.694300
6.877600 21537.884500 33985.079700 -28.188700 2.527900
3.003900 17077.950300 33831.217100 29.729300 -25.070500
10.631000 46186.043300 19061.485100 20.637000 19.157700
3.325400 45081.852200 9389.522900 6.375000 48.134800
3.179700 41379.010500 34908.785200 0.806000 21.698600
9.407100 7802.816100 23296.029500 -23.689300 -42.988100
8.270000 28921.274400 2649.102800 40.245800 49.720200
9.923800 17619.611900 47403.988500 9.448800 -24.012500
6.099200 28997.239400 29963.219500 28.490800 23.284800
5.529200 46416.483400 13310.595500 -43.704700 -45.883900
9.716600 44538.793000 40760.429100 -47.964600 1.460400
3.749800 37930.441100 37242.544000 17.610600 -14.189400
9.964500 22026.362500 41168.080200 30.794500 34.963300
2.375500 17417.992100 20207.654100 20.139100 -45.985300
4.814600 3519.321800 32090.633800 -23.154300 21.240500
5.240700 42591.178600 14235.958100 37.207000 -23.254200
6.479100 11613.088400 47188.585100 47.851300 14.263500
8.655600 39945.397700 29333.776900 10.392900 14.293700
1.505200 12679.410000 33254.062700 41.109900 -45.385000
4.518800 1468.372800 45786.646300 -4.292300 -18.067600
6.843500 48554.193200 47406.774100 48.745200 26.203700
10.524900 36825.849400 35653.236000 -47.558500 -43.101200
4.491100 33934.040600 21172.267100 1.546500 -18.465300
7.778300 19069.756000 36987.772900 -14.067400 -36.824600
1.230800 1347.649500 24495.223600 42.119800 -48.196800
9.166200 20481.139800 20359.114300 -10.801700 30.423800
7.990900 20914.278200 29628.771600 -27.443300 -33.698200
10.900900 18325.321900 38736.332700 9.492300 13.163800
5.821800 36196.598300 46342.636300 -12.935500 -44.958600
6.889800 25354.622200 16111.872000 -32.830100 39.255200
10.300100 14400.710700 41917.782100 -27.427500 -5.627700
2.408000 13669.675600 42387.772000 17.193000 29.412400
2.441200 39536.879700 34392.091900 32.103000 14.980000
8.191400 42491.820600 42355.383600 -47.761600 -37.496200
8.790300 25152.144900 26843.218000 -49.492200 -32.008800
2.828900 39943.991600 8569.124000 -45.693700 8.699500
8.853700 17982.962500 165.509000 3.543600 -30.136000
1.257700 31720.287200 17363.845100 -15.486500 -15.458600
5.074000 19652.948600 6505.914900 12.325500 -28.374600
10.064300 27494.896900 305.488300 31.770300 18.683500
4.304400 22518.948200 7725.520800 4.540100 -22.005500
10.195100 27712.669400 34016.681500 44.908500 -41.027200
7.896000 42451.512100 19608.915500 5.290900 44.581400
10.526400 4973.526100 10834.407100 20.082300 -39.124300
9.584700 4810.240700 37561.920100 -28.856900 -0.334800
9.219900 30798.070100 33904.202400 -0.129100 -18.581400
5.773900 14708.519700 29602.510300 33.365900 24.396900
4.866900 31460.758400 21951.705800 -11.225600 16.506400
3.433800 22812.699500 14732.980700 22.428800 43.040300
6.992900 33527.512900 1103.136500 -26.130100 38.855600
9.406400 5248.973200 20102.693600 11.893900 -12.934400
7.605000 28685.134200 28068.275400 43.317100 -36.415500
7.537600 50.520000 35983.425100 -31.832800 -46.881900
8.468500 36643.953300 29833.410500 4.360500 31.693900
1.947600 24785.183200 47045.021000 -19.886100 -42.820000
1.952300 24554.589700 16318.214600 -18.812800 30.581800
10.097100 9076.485000 7634.251800 -21.613700 -2.669600
8.774400 16790.354900 10563.402200 40.849500 49.278400
2.498300 11417.952600 6171.469500 -0.871500 33.002100
2.136800 14899.354800 30385.424100 -11.618000 49.728200
3.217500 14351.044900 39826.150300 -41.277100 19.833400
8.138100 18821.142000 17888.271700 -40.449700 41.639200
4.422600 22758.761400 24910.658100 -24.929000 10.118400
3.338400 19025.035100 36111.037200 -33.212100 -19.050600
7.545000 12678.387500 42365.158500 -39.691700 47.941500
3.614300 9852.476800 38941.338900 -49.197200 22.820100
5.496200 48848.536800 26624.963800 -43.694300 28.103500
7.507100 44950.336500 8266.912500 39.172000 33.300700
2.822000 21550.859800 6557.730600 -0.619200 46.737500
5.668300 32658.842200 36187.343700 -1.672700 -31.159000
6.328200 6148.763800 37652.653500 29.947700 1.968400
7.162800 10119.308500 4426.551200 -21.878900 31.398700
5.091800 35219.451800 37970.171300 -40.456100 -29.661500
5.110200 37970.964100 15791.765700 20.313900 -5.527300
7.785600 49032.212400 2364.566400 46.372700 41.495100
10.304800 5441.000500 7903.314200 5.006900 -9.578100
1.443400 19673.270000 37009.187000 29.162600 -49.814500
10.233100 5789.333000 11304.683400 18.636600 -37.056900
5.150500 43839.033400 30407.029700 -42.480800 6.993800
1.028200 43193.516500 24412.592300 -6.236700 11.957300
4.366400 48713.540700 22274.687100 -16.985000 -40.829000
3.235700 5158.589000 23905.275300 -17.973000 7.750200
6.791400 30558.202300 12545.183800 -35.938400 25.848600
8.788700 1748.584800 45157.235600 -8.044400 0.868600
3.927900 47628.141900 42911.520000 -29.082000 -34.294500
3.229100 40660.244100 22942.335200 -46.040100 13.221200
6.483900 13578.222500 13950.873100 -32.139800 42.877900
9.640000 45174.639900 32486.610000 -23.633600 -7.107200
5.565500 300.634800 9396.922400 -48.059900 -47.195500
8.125800 26924.353600 39628.185200 -32.441600 36.559600
4.294600 10772.619100 24049.462500 -17.010700 9.614100
5.157600 38968.513600 35845.720400 -48.732000 15.866500
2.903900 26223.109400 37979.980600 -4.823800 -10.232800
9.311800 42707.780700 48960.010400 -41.142000 28.214100
9.687200 39226.337400 5916.034200 -16.210500 47.230200
7.178300 27074.929400 42063.297200 -33.970400 11.814900
2.161400 202.943200 44431.139200 29.755100 -1.218100
7.081800 38315.162300 20028.084500 -30.346000 43.084400
5.363300 12364.561800 6945.403800 -21.729300 -18.294300
5.328300 33273.528900 31187.229700 -26.252400 44.728300
7.332000 5444.046900 40462.594700 39.522400 26.292300
6.961100 2807.010200 39930.357000 -15.523400 42.527600
4.361500 8694.284100 12345.136300 5.401700 -33.233100
3.108800 10971.592200 22139.436700 -5.917400 21.389400
5.406900 12593.944200 12941.917000 16.609200 46.051700
3.683400 25870.251000 32969.451500 17.125900 -31.054200
6.681400 6127.375000 49010.253600 49.945800 -21.911200
2.247700 2567.028500 13241.989800 46.171800 5.327600
8.381700 31543.793800 45776.674700 -28.053900 42.538400
9.488400 30370.823500 4080.093300 48.627300 -23.785600
10.824300 3856.713300 6473.529700 6.735400 -31.346300
7.203800 22859.564300 26696.474400 -11.673600 -20.983900
6.546800 24853.320500 37592.541400 0.976000 -39.165300
6.961400 31069.067400 48344.763700 42.198000 47.598700
9.871100 20522.382000 34349.403500 -5.157900 -19.209600
10.402000 12290.065500 5968.686800 43.924500 -34.687900
9.177700 43447.242900 23055.059800 -43.341200 -40.616300
2.458900 30146.346500 16250.078100 -5.481200 24.413400
8.298100 33138.702000 853.625300 30.949300 38.715600
10.730500 20947.344100 35222.207900 20.613700 -14.164500
8.805400 23021.593100 47455.773000 -46.871700 -35.494500
